index,0,1,2
26457,0.06368554215510167,0.11360309896121094,0.8227113588836873
26458,0.17782963482562375,0.15288662393741453,0.6692837412369617
26459,0.03821638843570535,0.09645685855553868,0.865326753008756
26460,0.10125488166321867,0.1233234481305634,0.775421670206218
26461,0.11656680087639085,0.18459680261794323,0.6988363965056659
26462,0.07524873677834135,0.1214021585512931,0.8033491046703656
26463,0.530532476923119,0.469317858800568,0.00014966427631301645
26464,0.0951211094101358,0.16224950742333075,0.7426293831665335
26465,0.07496297121062487,0.15678664611659066,0.7682503826727844
26466,0.061298690769436164,0.3532539452795579,0.5854473639510059
26467,0.08161972224527028,0.2158068232132891,0.7025734545414406
26468,0.09635048870632426,0.1560369930982486,0.7476125181954272
26469,0.22503304220000356,0.167769671129956,0.6071972866700405
26470,0.07932817511387939,0.17234561911965282,0.7483262057664678
26471,0.11543328697800782,0.23371703973455926,0.6508496732874328
26472,0.12444127851579215,0.23118640365717863,0.6443723178270293
26473,0.076874198807856,0.12200207857061485,0.8011237226215292
26474,0.27652837126839275,0.7234254398580757,4.6188873531483095e-05
26475,0.15627954025107513,0.3159124879949985,0.5278079717539264
26476,0.07431586462177922,0.12416142791486373,0.8015227074633571
26477,0.166037905463038,0.20847969412408718,0.6254824004128748
26478,0.09442887293513406,0.08071093733031172,0.8248601897345542
26479,0.047824797755973224,0.13260013940419324,0.8195750628398336
26480,0.10514844040908251,0.10667158973753896,0.7881799698533786
26481,0.0766998355806732,0.24173429923890596,0.6815658651804208
26482,0.20246762962213213,0.09467680995180962,0.7028555604260582
26483,0.08211763194885018,0.15221926978115777,0.7656630982699921
26484,0.13989465728483047,0.2597484869248155,0.600356855790354
26485,0.08760734659223632,0.07242676894501844,0.8399658844627451
26486,0.1100233487981103,0.18751591439976115,0.7024607368021286
26487,0.15545331804455764,0.14562858623136954,0.6989180957240727
26488,0.126237250051545,0.8624069814394016,0.011355768509053364
26489,0.04348531538465718,0.41011397114856,0.5464007134667829
26490,0.11435829090617275,0.43902453768889005,0.4466171714049372
26491,0.08728607939157251,0.12695162951390374,0.7857622910945237
26492,0.058332566498041194,0.18169153536270272,0.7599758981392559
26493,0.29664416205096017,0.7032280273184709,0.0001278106305689374
26494,0.09211836710729057,0.1832463239682977,0.7246353089244117
26495,0.0837640822459447,0.12749478727647584,0.7887411304775794
26496,0.12750744730552513,0.16080175931562857,0.7116907933788462
26497,0.07998811972327721,0.5899639398407556,0.3300479404359672
26498,0.1709879732119316,0.3790394228935264,0.44997260389454197
26499,0.08327401881153844,0.17125210675594268,0.7454738744325189
26500,0.15617842951636152,0.3465544475113441,0.4972671229722944
26501,0.05976942701786714,0.12746028081229815,0.8127702921698348
26502,0.04067296330623805,0.06047708203287899,0.898849954660883
26503,0.18450648616414564,0.2951098318256651,0.5203836820101893
26504,0.1187068041183611,0.26977545632414235,0.6115177395574966
26505,0.057786597671512695,0.0831796732700545,0.8590337290584327
26506,0.046293197521599216,0.9513708696378176,0.0023359328405833696
26507,0.12994247352369695,0.8698255375055435,0.00023198897075972822
26508,0.07528125726556112,0.36655420585889487,0.558164536875544
26509,0.11977689525801288,0.17365565798676968,0.7065674467552174
26510,0.07221835394688977,0.19600636005668298,0.7317752859964273
26511,0.14244751663531402,0.11519838906649967,0.7423540942981864
26512,0.08065279576267552,0.1302059102734491,0.7891412939638753
26513,0.08084259487197398,0.2010120976287651,0.718145307499261
26514,0.06727215232720396,0.09185821324140049,0.8408696344313955
26515,0.3536146420341957,0.08522496913723196,0.5611603888285724
26516,0.06789500636099458,0.388444291322101,0.5436607023169044
26517,0.21280745586872504,0.7870920583256841,0.00010048580559095406
26518,0.08677299276036196,0.1619549866105336,0.7512720206291045
26519,0.37735282575041307,0.14704686163336905,0.4756003126162178
26520,0.03149621067744837,0.8080472677221842,0.1604565216003675
26521,0.08152189287371478,0.18239469956912768,0.7360834075571575
26522,0.08998956998875465,0.2453545197955093,0.664655910215736
26523,0.1258761816134369,0.24212631566838522,0.6319975027181779
26524,0.0699673787374493,0.21336985453279594,0.7166627667297548
26525,0.17470997177728698,0.23057141352856708,0.594718614694146
26526,0.08173371269773146,0.12199784100125088,0.7962684463010177
26527,0.11256798744490425,0.18438539293304795,0.7030466196220477
26528,0.18366919735318687,0.8154774596067851,0.000853343040028029
26529,0.16324181176412447,0.07899991973412743,0.7577582685017481
26530,0.03894971512047815,0.1448122845174132,0.8162380003621087
26531,0.06678281054398698,0.17493817398956912,0.7582790154664438
26532,0.1517926447266329,0.13103391094610486,0.7171734443272623
26533,0.07071483355677333,0.11943507792082331,0.8098500885224033
26534,0.02874102389497144,0.04540921540387267,0.9258497607011558
26535,0.0748827162491101,0.15436110335167866,0.7707561803992111
26536,0.1279698300683594,0.16943896708628803,0.7025912028453526
26537,0.09853016897937573,0.104568878196708,0.7969009528239162
26538,0.05050280680840481,0.38361889704060187,0.5658782961509934
26539,0.09330640808129281,0.13120933947197874,0.7754842524467285
26540,0.16532731767961337,0.48089883023555846,0.35377385208482826
26541,0.07110455080986428,0.171612448022048,0.7572830011680878
26542,0.0931211995025267,0.1217255713412419,0.7851532291562315
26543,0.16301423811105847,0.0630333305506274,0.7739524313383142
26544,0.22878369801963394,0.1564555524896729,0.6147607494906931
26545,0.15712512095145084,0.26148528754613,0.5813895915024191
26546,0.055396470358743136,0.2857455019090199,0.658858027732237
26547,0.06424398351364295,0.12124719941248345,0.8145088170738736
26548,0.11232994942389415,0.13017617731538159,0.7574938732607243
26549,0.22236766016138734,0.7774142555583912,0.0002180842802217152
26550,0.08028670915939881,0.20478342986905995,0.7149298609715412
26551,0.032859662302369454,0.1453478198179595,0.821792517879671
26552,0.04491073502120106,0.14518808755377624,0.8099011774250227
26553,0.07387288682705279,0.13935860688254476,0.7867685062904024
26554,0.09607914612850771,0.4703329894956392,0.4335878643758531
26555,0.12270127748188048,0.18629151653351597,0.6910072059846036
26556,0.04130673152452515,0.20407484181805335,0.7546184266574215
26557,0.11486759792230164,0.10324555538973373,0.7818868466879645
26558,0.33688466992116595,0.08461149148169164,0.5785038385971424
26559,0.19338508765654938,0.08000796733205319,0.7266069450113974
26560,0.1145011025505765,0.2516811513550382,0.6338177460943852
26561,0.07141847802877069,0.2119230344091267,0.7166584875621026
26562,0.09336809080427357,0.11449824456010632,0.7921336646356203
26563,0.06706589209876825,0.07437587876252537,0.8585582291387064
26564,0.08229403714529915,0.18969849230053665,0.7280074705541641
26565,0.14882366502337213,0.2889364652234556,0.5622398697531721
26566,0.13464807126847317,0.17812175947589848,0.6872301692556283
26567,0.04713961646795872,0.1328874385826663,0.8199729449493751
26568,0.3043081662343179,0.6955495150528465,0.0001423187128355439
26569,0.05244045234085372,0.20885090793528271,0.7387086397238634
26570,0.12620996453973005,0.30776943370592186,0.5660206017543482
26571,0.07307010004220359,0.11475422517770709,0.8121756747800893
26572,0.10621509616096592,0.27377650066269815,0.6200084031763359
26573,0.1162066846826719,0.14479450723266463,0.7389988080846634
26574,0.22308471673076416,0.09914195736689485,0.677773325902341
26575,0.08526944019047016,0.10006651965369283,0.814664040155837
26576,0.08776199832943882,0.08704826176598587,0.8251897399045753
26577,0.06595168145121398,0.11210922756783011,0.8219390909809559
26578,0.08002843267995337,0.2933298814870497,0.626641685832997
26579,0.23391617467209888,0.7660277969966838,5.602833121732477e-05
26580,0.10840565973469488,0.13500712947041751,0.7565872107948876
26581,0.10649212983010951,0.2723909794092472,0.6211168907606432
26582,0.08065732805326598,0.15348798273709888,0.7658546892096352
26583,0.10843927079249495,0.10634404188721724,0.7852166873202878
26584,0.04301820327219446,0.19375082973947527,0.7632309669883303
26585,0.18203905472595905,0.24115892199507138,0.5768020232789696
26586,0.2574627054386122,0.23510173340358909,0.5074355611577986
26587,0.15150309072229953,0.49406376243631234,0.3544331468413882
26588,0.04312881808222365,0.11125859815600694,0.8456125837617694
26589,0.09377051930104949,0.1604868637974243,0.7457426169015262
26590,0.0835470978995946,0.29106573979910966,0.6253871623012958
26591,0.2601352548887283,0.7389943091045077,0.0008704360067639939
26592,0.26159446136565445,0.09086454556109784,0.6475409930732475
26593,0.12896141180010176,0.21748399771506494,0.6535545904848332
26594,0.09169143511415377,0.26107749160322025,0.6472310732826261
26595,0.07752122696820365,0.14475191802144036,0.777726855010356
26596,0.023714002649865295,0.12180082673788489,0.8544851706122498
26597,0.11132432067193884,0.4700282731737605,0.4186474061543007
26598,0.14372565028640405,0.1758203586829829,0.6804539910306131
26599,0.10671308138064173,0.1599360606224873,0.733350857996871
26600,0.04727584437281239,0.0792634916406664,0.8734606639865212
26601,0.07531299530471863,0.16153157500846843,0.7631554296868129
26602,0.03385356431592575,0.12162441289998752,0.8445220227840867
26603,0.0635421131907392,0.10871873715500602,0.8277391496542548
26604,0.09199669419562559,0.2177934007117504,0.690209905092624
26605,0.08590446083140643,0.16297507950674214,0.7511204596618514
26606,0.19518950233980314,0.18254679933256002,0.6222636983276368
26607,0.1342025861102493,0.8647195113750051,0.00107790251474571
26608,0.011894873670727751,0.03583983907803015,0.952265287251242
26609,0.05821614148843919,0.11438536754488193,0.827398490966679
26610,0.404314937300789,0.5900201806854106,0.005664882013800478
26611,0.14695036565522376,0.19740118363617262,0.6556484507086037
26612,0.09221386376052967,0.2837889586804131,0.6239971775590573
26613,0.2031639276472553,0.1691434871721526,0.6276925851805921
26614,0.09433751831240823,0.1576199278181019,0.7480425538694898
26615,0.05988900432290687,0.2347965537452177,0.7053144419318754
26616,0.11610481100066275,0.10087753109792724,0.78301765790141
26617,0.13068200007825417,0.1255591131268285,0.7437588867949173
26618,0.11308050119816793,0.1834102893806016,0.7035092094212304
26619,0.17983781769558016,0.21793419540706407,0.6022279868973557
26620,0.1941776167327004,0.803495314001547,0.0023270692657527256
26621,0.09034214845512419,0.13800164871007398,0.7716562028348019
26622,0.11271711924419076,0.31726960678335836,0.5700132739724509
26623,0.02161845521724475,0.5099118543781241,0.46846969040463105
26624,0.03496430448384443,0.10502949446014632,0.8600062010560092
26625,0.331861831916232,0.2334498206664733,0.4346883474172947
26626,0.153184525460341,0.11433904027158559,0.7324764342680734
26627,0.08467708960226904,0.13803764053949985,0.777285269858231
26628,0.04422526229217205,0.21771249282008748,0.7380622448877404
26629,0.08150368223807133,0.09852988771449954,0.8199664300474292
26630,0.07863453309843703,0.24044124546159257,0.6809242214399703
26631,0.04363102260034483,0.055388420160851416,0.9009805572388037
26632,0.13954521448589086,0.209491933859861,0.6509628516542482
26633,0.07282947341846739,0.09718800078607748,0.8299825257954552
26634,0.060088910765757085,0.095364200529541,0.844546888704702
26635,0.10434358414246733,0.22272531961679182,0.6729310962407409
26636,0.08686914697185591,0.25584382559971325,0.6572870274284308
26637,0.028900108002388864,0.09827231126768633,0.8728275807299248
26638,0.11111664159255029,0.6239186704996276,0.264964687907822
26639,0.17962341765440967,0.2635897241520512,0.5567868581935391
26640,0.053152219724621586,0.08682061110623171,0.8600271691691467
26641,0.2045667088509106,0.5525867907407569,0.24284650040833244
26642,0.08385536791435444,0.08385743268933407,0.8322871993963115
26643,0.11586517067904213,0.20025424379723675,0.6838805855237211
26644,0.11209694373237013,0.13444357671820092,0.7534594795494289
26645,0.07841905763854476,0.1377289865609306,0.7838519558005246
26646,0.6215243927538913,0.1154667286476165,0.2630088785984922
26647,0.08991786149726168,0.1557057950209264,0.7543763434818118
26648,0.09451346378347765,0.46829555607302237,0.4371909801434999
26649,0.07786229827129919,0.14896862389631282,0.773169077832388
26650,0.3956981390571257,0.6028101053946033,0.0014917555482709681
26651,0.34752766567179294,0.6522122548125605,0.000260079515646625
26652,0.3207957318521498,0.11878995621166796,0.5604143119361822
26653,0.31256285015873725,0.1514132215101576,0.5360239283311051
26654,0.15572136178604534,0.2856947429971824,0.5585838952167723
26655,0.05470421023345624,0.20953165935054885,0.735764130415995
26656,0.13873084918714254,0.16609096105988036,0.6951781897529771
26657,0.1752533002467741,0.08075930994764183,0.7439873898055841
26658,0.11702516949336694,0.18825155325821102,0.694723277248422
26659,0.24079953977775645,0.19384207188850108,0.5653583883337425
26660,0.10110607944261837,0.23353307380647542,0.6653608467509062
26661,0.11781939995749519,0.1872945126023791,0.6948860874401257
26662,0.041042298408267786,0.16294295850274393,0.7960147430889882
26663,0.09599453527002029,0.21782139523464317,0.6861840694953366
26664,0.05485330661276626,0.15012576495687985,0.7950209284303538
26665,0.1468086181278087,0.22700647816383868,0.6261849037083527
26666,0.03472063721417877,0.41984120139582737,0.5454381613899938
26667,0.07209279229737936,0.09952210914227302,0.8283850985603476
26668,0.1798642797656461,0.2678831315360734,0.5522525886982805
26669,0.08685133691512019,0.29715562539746065,0.6159930376874192
26670,0.13654932919315158,0.18745920602422905,0.6759914647826193
26671,0.11534545929770697,0.12310156435982811,0.7615529763424649
26672,0.06713855531549942,0.17759307631805954,0.7552683683664411
26673,0.12677764084516346,0.1821678723748758,0.6910544867799607
26674,0.3991784220755614,0.04917163008562879,0.5516499478388098
26675,0.1592295979882184,0.2500088322567028,0.5907615697550789
26676,0.10093595908207653,0.13153478435895005,0.7675292565589733
26677,0.029513054256404034,0.08503394614737342,0.8854529995962227
26678,0.12321611132605313,0.22904890514639126,0.6477349835275557
26679,0.1675245917095667,0.12768573729525798,0.7047896709951753
26680,0.06823693531887487,0.141965573957576,0.7897974907235491
26681,0.029358798660877376,0.054893526919178925,0.9157476744199438
26682,0.06729186137748674,0.08570689937080035,0.8470012392517129
26683,0.057817589120360294,0.3066845477640531,0.6354978631155865
26684,0.052275335935763764,0.1736700122573751,0.7740546518068612
26685,0.14537569976710282,0.12043370316240086,0.7341905970704963
26686,0.049434070468857325,0.13740335375304158,0.8131625757781011
26687,0.19570035700101035,0.13945431261978408,0.6648453303792057
26688,0.10065331647189246,0.5717430188643913,0.32760366466371627
26689,0.10523192855590174,0.17714250518737404,0.7176255662567242
26690,0.0763824143623581,0.1736589360423862,0.7499586495952557
26691,0.05099594892142748,0.13844820161308313,0.8105558494654894
26692,0.04927045303295391,0.29785772938466076,0.6528718175823853
26693,0.2481780366770995,0.15601598352688928,0.5958059797960111
26694,0.5175429659352119,0.4822858856361972,0.00017114842859090805
26695,0.1053278981176586,0.15745331725651376,0.7372187846258276
26696,0.0807948939835032,0.13933436630755475,0.7798707397089419
26697,0.0532770881877164,0.061945509487152786,0.8847774023251308
26698,0.05507508442588213,0.06447196281540171,0.880452952758716
26699,0.08415059262415962,0.28402609811189217,0.6318233092639481
26700,0.04321837335989374,0.3068974280348919,0.6498841986052144
26701,0.19619031592383884,0.3816042985840205,0.42220538549214065
26702,0.08809798242487443,0.42579344378636236,0.48610857378876327
26703,0.08715454512314631,0.1971174172637399,0.7157280376131137
26704,0.08297969163331156,0.2009397662975942,0.7160805420690941
26705,0.10351801822053483,0.11545246253890767,0.7810295192405574
26706,0.09380421398243421,0.1434670036161075,0.7627287824014581
26707,0.34987357275437064,0.17540151031608237,0.474724916929547
26708,0.0912856276525087,0.1689385036068463,0.739775868740645
26709,0.07665639842688608,0.057608041170325454,0.8657355604027884
26710,0.16272145325075976,0.22796624948904776,0.6093122972601925
26711,0.12710818674730007,0.10760072962761036,0.7652910836250897
26712,0.08107769607360216,0.12544284499637576,0.7934794589300223
26713,0.15725315917492416,0.30305628506114607,0.5396905557639297
26714,0.06603511517841841,0.11933544497875272,0.8146294398428289
26715,0.11498728165375824,0.21298733130812808,0.6720253870381138
26716,0.15901090323298678,0.5270784309120587,0.3139106658549543
26717,0.07287292128024028,0.17563472787905784,0.7514923508407019
26718,0.09887770063122443,0.20860612006562096,0.6925161793031545
26719,0.12919996337278677,0.2207849375005413,0.650015099126672
26720,0.08492641909520313,0.18970777747937517,0.7253658034254217
26721,0.07159312111448751,0.17618163910415421,0.7522252397813581
26722,0.12479949436720805,0.14511199882539128,0.7300885068074006
26723,0.11163151764027873,0.08691878469069923,0.8014496976690221
26724,0.15777275968961454,0.2553692470000959,0.5868579933102895
26725,0.03282478197624446,0.28844020390879255,0.678735014114963
26726,0.16385688790499603,0.4728352607765947,0.3633078513184094
26727,0.10028966143137052,0.13011575570770156,0.7695945828609281
26728,0.06874703411628884,0.14989242105582606,0.781360544827885
26729,0.05366233491877668,0.19601965151262105,0.7503180135686023
26730,0.11888944612460119,0.3620113877979002,0.5190991660774986
26731,0.033087553999771736,0.12519746463947812,0.8417149813607503
26732,0.20781602219696266,0.7920032719523795,0.0001807058506578089
26733,0.0960286728316547,0.11038735903223967,0.7935839681361057
26734,0.07928774330837567,0.1190092903328161,0.8017029663588082
26735,0.11297847360501218,0.19789148036013518,0.6891300460348526
26736,0.06800330825697914,0.17394639984798682,0.758050291895034
26737,0.1223926063246341,0.1769087427006112,0.7006986509747548
26738,0.03442441743717292,0.09400348604324342,0.8715720965195837
26739,0.3838060232231735,0.09048665265575187,0.5257073241210747
26740,0.09734669596434536,0.11781554120746938,0.7848377628281853
26741,0.1471972860024015,0.8525448275817366,0.00025788641586193867
26742,0.03116904160039897,0.09981133624274206,0.8690196221568589
26743,0.12090494469300753,0.1549274246114659,0.7241676306955265
26744,0.12015980151673629,0.1960563833179422,0.6837838151653215
26745,0.07504936912971433,0.16839064733679512,0.7565599835334905
26746,0.14635484912887234,0.16676498853542765,0.6868801623357
26747,0.12294768928676353,0.44318881234924873,0.43386349836398774
26748,0.2531737851151013,0.24653756137907962,0.5002886535058191
26749,0.0775805284271557,0.1784335829370096,0.7439858886358348
26750,0.06321388218405212,0.07785902419459662,0.8589270936213512
26751,0.04022825922995312,0.09949871332654014,0.8602730274435069
26752,0.06311257935083125,0.47636626941511395,0.4605211512340547
26753,0.15625425943420382,0.1363488558885399,0.7073968846772564
26754,0.10271341943911183,0.10483269075427734,0.7924538898066108
26755,0.053794973020556795,0.14860308454010548,0.7976019424393377
26756,0.1059696015587759,0.1452639756702713,0.7487664227709528
26757,0.10885922671768278,0.17115131816107437,0.7199894551212427
26758,0.07139728493232525,0.2615507868164655,0.6670519282512093
26759,0.055219604182354505,0.2982039568522639,0.6465764389653816
26760,0.10237089205085668,0.3396414085462976,0.5579876994028456
26761,0.030781153123217792,0.0783487088728073,0.8908701380039749
26762,0.09083733282377965,0.1699183632670566,0.7392443039091638
26763,0.03354783877959689,0.22957316683341816,0.7368789943869849
26764,0.09830755894992181,0.3197663654519372,0.581926075598141
26765,0.053330068531382085,0.06334501762034897,0.8833249138482689
26766,0.06698685985458919,0.4446537553020336,0.48835938484337726
26767,0.10172860711288537,0.22001783183855514,0.6782535610485594
26768,0.06075139631641156,0.9387676750183314,0.00048092866525709197
26769,0.09241016544250993,0.2725021638997907,0.6350876706576993
26770,0.25371080112649275,0.3889887116377101,0.35730048723579716
26771,0.19617856411169426,0.8034626231540398,0.00035881273426600143
26772,0.48923417952481496,0.06852496353125011,0.44224085694393495
26773,0.059324349572305375,0.10534003592426504,0.8353356145034296
26774,0.033595415037165434,0.1736632672751249,0.7927413176877096
26775,0.0642359168415028,0.24228084063096483,0.6934832425275324
26776,0.07086916028417926,0.1025328804168891,0.8265979592989317
26777,0.04937457700002244,0.061437412775505656,0.8891880102244719
26778,0.06355579443335597,0.098925417622429,0.8375187879442151
26779,0.08645654714164226,0.12435066455124762,0.78919278830711
26780,0.06586160408456275,0.18726237520028532,0.7468760207151519
26781,0.0462450635766556,0.15522293139833793,0.7985320050250064
26782,0.10710682359115792,0.10744042564491353,0.7854527507639284
26783,0.20202096096551814,0.1808492036881591,0.6171298353463227
26784,0.06185460806143041,0.41944462879813654,0.5187007631404331
26785,0.10142824842799902,0.18752238761941667,0.7110493639525843
26786,0.3335100829156158,0.10227228721721039,0.5642176298671738
26787,0.07362913922900328,0.10732084274209402,0.8190500180289026
26788,0.17935665807743648,0.1464114615751303,0.6742318803474332
26789,0.17492465923018738,0.2562776851171079,0.5687976556527047
26790,0.05464947545831449,0.2402646641113409,0.7050858604303446
26791,0.07328127752238901,0.12448107221612553,0.8022376502614854
26792,0.059692608959613064,0.07223912263540916,0.8680682684049779
26793,0.059324945667776255,0.12445082572316943,0.8162242286090544
26794,0.05519431875554333,0.1498501733278898,0.7949555079165669
26795,0.08570111237811728,0.24281730590015205,0.6714815817217308
26796,0.07902279983838902,0.9209356169289163,4.158323269459833e-05
26797,0.11296359609382865,0.26481243997065707,0.6222239639355142
26798,0.1979014385492689,0.27807055319619056,0.5240280082545407
26799,0.08668021704653567,0.16676044412748595,0.7465593388259784
26800,0.03621798061944325,0.962819905418279,0.0009621139622778094
26801,0.13203884503109276,0.2786146467709639,0.5893465081979433
26802,0.09737580039180137,0.14483676951400143,0.7577874300941971
26803,0.05521389580405385,0.1617204088778892,0.783065695318057
26804,0.04116159412604081,0.17803722295244942,0.7808011829215098
26805,0.023810641661426955,0.1018625272504002,0.8743268310881729
26806,0.07924352096248924,0.12407913173261544,0.7966773473048954
26807,0.08236712593870082,0.10896302224537345,0.8086698518159258
26808,0.0327030526706002,0.23671534173722672,0.730581605592173
26809,0.1391593898222605,0.21981087455485654,0.6410297356228829
26810,0.02429227843832067,0.18797685060741687,0.7877308709542625
26811,0.05559894743846172,0.10549613144370984,0.8389049211178284
26812,0.06430852465343981,0.1445247577024006,0.7911667176441597
26813,0.09702438475835518,0.3757280716705217,0.527247543571123
26814,0.09021494231615228,0.10512015793823803,0.8046648997456096
26815,0.12092995043263441,0.25300997674618647,0.626060072821179
26816,0.0727335158468022,0.2840611518822756,0.6432053322709222
26817,0.16843962355580178,0.05660904302988171,0.7749513334143165
26818,0.2242455187067644,0.13957606207975418,0.6361784192134814
26819,0.09262092605960894,0.2918329889300556,0.6155460850103354
26820,0.0958325186942859,0.9038699544076002,0.0002975268981139701
26821,0.13526828521369375,0.8634609979280522,0.0012707168582541638
26822,0.1355858630942511,0.19051651829416938,0.6738976186115795
26823,0.10692700912738143,0.16899247388208552,0.7240805169905331
26824,0.10961908642459442,0.19439979917046837,0.6959811144049373
26825,0.03097224048242492,0.14089528752440653,0.8281324719931684
26826,0.17048104215425053,0.07865848243031351,0.750860475415436
26827,0.07065398534991969,0.1626264977803263,0.7667195168697539
26828,0.13440471650030947,0.14201142950425252,0.7235838539954381
26829,0.03617014409109096,0.0853606119778085,0.8784692439311005
26830,0.11609337790369788,0.19490859632768376,0.6889980257686182
26831,0.07990915576768172,0.13587531537095265,0.7842155288613656
26832,0.007427828071259575,0.03951145799834277,0.9530607139303977
26833,0.06855394804718788,0.17633184447320105,0.755114207479611
26834,0.06168196074640586,0.2255581539024774,0.7127598853511168
26835,0.548527422908098,0.08706459698136185,0.3644079801105402
26836,0.18089448244765657,0.3799321791615359,0.4391733383908075
26837,0.1458489682855667,0.055130187049430755,0.7990208446650024
26838,0.0948880402083355,0.4276142101545237,0.47749774963714076
26839,0.5979503549774641,0.12103185426776103,0.28101779075477495
26840,0.2776321335656819,0.2660613554947296,0.4563065109395885
26841,0.04006198184879384,0.14159397759654446,0.8183440405546617
26842,0.04506129281646425,0.21918224662779565,0.7357564605557401
26843,0.11127259955365096,0.14195120301849187,0.7467761974278573
26844,0.1142753373454241,0.39991780847069713,0.4858068541838788
26845,0.45263751730272633,0.069607192120731,0.47775529057654265
26846,0.06012423063215447,0.11341094722782986,0.8264648221400157
26847,0.06286273176137575,0.29215389837183076,0.6449833698667935
26848,0.20562115820107504,0.06282609599433608,0.731552745804589
26849,0.22340892407115656,0.10286166051430473,0.6737294154145388
26850,0.12932131053324009,0.2183096711357173,0.6523690183310425
26851,0.0779628100164485,0.21957072509314648,0.7024664648904051
26852,0.22953071531901953,0.5247845863979401,0.2456846982830404
26853,0.09402480788359463,0.15591160532204068,0.7500635867943646
26854,0.05886787258652662,0.9409899325546485,0.00014219485882481056
26855,0.10633961072572201,0.3304984407601982,0.5631619485140797
26856,0.08555098347116594,0.1469344439730051,0.767514572555829
26857,0.07383514982327916,0.2271437851592043,0.6990210650175167
26858,0.07045065187461043,0.5422113193912153,0.38733802873417433
26859,0.06943643791009814,0.5678142615961217,0.3627493004937801
26860,0.11315219658004484,0.5243519266931039,0.36249587672685124
26861,0.09635429555571817,0.1778135764913685,0.7258321279529134
26862,0.12690695643304958,0.15486813871899657,0.7182249048479539
26863,0.03134140782520195,0.16209881951043636,0.8065597726643617
26864,0.08324919897887727,0.31448754641465815,0.6022632546064646
26865,0.01260479995641617,0.024071519518442046,0.9633236805251417
26866,0.0661082067503026,0.18823072019114734,0.74566107305855
26867,0.055804176002057185,0.09904286094319323,0.8451529630547496
26868,0.05677064426301033,0.1119342187190377,0.831295137017952
26869,0.021276081825964792,0.042379087831408056,0.9363448303426272
26870,0.047809631263682296,0.42417816630654204,0.5280122024297758
26871,0.12302262760526478,0.18027385812888508,0.69670351426585
26872,0.14047966656767574,0.2023496118208264,0.6571707216114978
26873,0.056501063939233,0.23021397686818373,0.7132849591925832
26874,0.07854235734700778,0.27129213425542953,0.6501655083975626
26875,0.06367757577862425,0.21618788316940152,0.7201345410519743
26876,0.019233303494852794,0.09190940890876878,0.8888572875963785
26877,0.06322288675613068,0.09043025562712541,0.8463468576167439
26878,0.09929445288318102,0.09562446714654751,0.8050810799702715
26879,0.12749627751074982,0.2117643699337659,0.6607393525554843
26880,0.27710033840823084,0.05821515429798578,0.6646845072937834
26881,0.041664883235467576,0.23942987989070413,0.7189052368738282
26882,0.438330049204367,0.06814748229292594,0.493522468502707
26883,0.029418137057936097,0.11400487587752517,0.8565769870645388
26884,0.08089320361049009,0.31441467901102976,0.60469211737848
26885,0.14975866582381162,0.08813971087442568,0.7621016233017628
26886,0.09596710435866264,0.11366137791618316,0.7903715177251542
26887,0.025626689838598588,0.11379802226364089,0.8605752878977604
26888,0.15595340576613995,0.24931143619399596,0.594735158039864
26889,0.1257547484119599,0.1850258996191934,0.6892193519688466
26890,0.13510960538689715,0.20697246138641312,0.6579179332266898
26891,0.11725570347474204,0.28424858427392447,0.5984957122513336
26892,0.20115982013140632,0.16564533302161136,0.6331948468469824
26893,0.08528848528338318,0.14981147943965126,0.7649000352769656
26894,0.10385143816699735,0.11400495495715471,0.7821436068758479
26895,0.12512231569450905,0.19030537546238377,0.6845723088431072
26896,0.06640159767606306,0.1532907995469326,0.7803076027770043
26897,0.06438163875956776,0.19204737359124696,0.7435709876491854
26898,0.12361519813930379,0.14954109166902277,0.7268437101916734
26899,0.03560385692446948,0.1192092454946668,0.8451868975808636
26900,0.07334677993844638,0.2168482939549348,0.7098049261066188
26901,0.05188392760324454,0.2527492013432521,0.6953668710535035
26902,0.02315135455565025,0.028368131464691887,0.9484805139796577
26903,0.12273598078477348,0.19483822318787875,0.6824257960273479
26904,0.3515590886999381,0.61557660024039,0.032864311059671934
26905,0.028118248175282842,0.34244675519350615,0.6294349966312109
26906,0.06283977681823313,0.1580931105141713,0.7790671126675954
26907,0.040829596623552344,0.07330588957988551,0.8858645137965622
26908,0.07234180577452048,0.2768955303626782,0.6507626638628015
26909,0.10789450344144619,0.42953570413259023,0.4625697924259635
26910,0.11379211454856313,0.31400722449150753,0.5722006609599294
26911,0.1342394578195948,0.17600287115844132,0.689757671021964
26912,0.08140233179637868,0.20018114847246504,0.7184165197311563
26913,0.2927269710216486,0.17125150107711043,0.5360215279012409
26914,0.08295229756634628,0.20316207040506484,0.713885632028589
26915,0.0794334998278892,0.0744212913375803,0.8461452088345305
26916,0.10845256271005183,0.8914677591835994,7.967810634876277e-05
26917,0.08380369770947654,0.1485512249832827,0.7676450773072407
26918,0.10120970500578233,0.16205100321247579,0.7367392917817419
26919,0.5049639576296174,0.1304411597414995,0.36459488262888307
26920,0.0896570988334404,0.2806760149100052,0.6296668862565544
26921,0.037243130000252825,0.6174044610322451,0.345352408967502
26922,0.13220362909628386,0.4737814004795343,0.3940149704241819
26923,0.03968616857659216,0.11964759452838045,0.8406662368950274
26924,0.07846373096883442,0.10754349888629412,0.8139927701448715
26925,0.04155997092026241,0.0682353286553499,0.8902047004243876
26926,0.13693394488224203,0.3023043378171171,0.5607617173006408
26927,0.11546955439267328,0.48748555920337755,0.3970448864039491
26928,0.07884442889961907,0.9206126659181487,0.0005429051822322586
26929,0.05715901177197512,0.2431325528006984,0.6997084354273265
26930,0.07537471742562381,0.5498673022372086,0.37475798033716756
26931,0.11575828166658844,0.8833461404802021,0.0008955778532096589
26932,0.10940126392544694,0.408268796046952,0.482329940027601
26933,0.6729932031972866,0.05561859696557,0.2713881998371434
26934,0.09155305725148485,0.14229380680722448,0.7661531359412908
26935,0.05656635219705426,0.19142164396174605,0.7520120038411997
26936,0.05579309223425722,0.060851049373402716,0.88335585839234
26937,0.08479206263953475,0.2064296917585596,0.7087782456019056
26938,0.34564308659714704,0.6537765340755141,0.000580379327338921
26939,0.28753148129419287,0.7010264298766773,0.011442088829129955
26940,0.13647376674238798,0.16393960264237278,0.6995866306152392
26941,0.06787949330611633,0.1439449574719755,0.7881755492219082
26942,0.11273944575939987,0.27797465534580174,0.6092858988947983
26943,0.045375945325073094,0.31560942826522487,0.639014626409702
26944,0.06191559808716869,0.09575867033631,0.8423257315765215
26945,0.09623321627565236,0.5162781847858362,0.38748859893851145
26946,0.07634265621567261,0.14720337626518362,0.7764539675191438
26947,0.06426040918911942,0.21730910257579186,0.7184304882350887
26948,0.12000673806192405,0.2104605410231606,0.6695327209149153
26949,0.3101992134825852,0.08351050685117299,0.6062902796662418
26950,0.17784262074114437,0.13261218747809927,0.6895451917807564
26951,0.3163047653031643,0.196264986703761,0.4874302479930747
26952,0.11111739397770262,0.21386211636113694,0.6750204896611605
26953,0.02559364444801561,0.010416863040095758,0.9639894925118886
26954,0.017393542987497828,0.10784647849875767,0.8747599785137444
26955,0.04908191985422965,0.25847489224762554,0.6924431878981449
26956,0.10644697331886623,0.18186241456339178,0.711690612117742
26957,0.3528376999112633,0.1838387340578833,0.46332356603085334
26958,0.17466142109945768,0.19216308390374798,0.6331754949967944
26959,0.04111923086428597,0.25952165748934036,0.6993591116463737
26960,0.045496878538983154,0.19605358244645182,0.758449539014565
26961,0.042599384163590784,0.12046884060500224,0.8369317752314069
26962,0.022768274288405714,0.4899950731058557,0.48723665260573856
26963,0.2481780366770995,0.15601598352688928,0.5958059797960111
26964,0.17326772008838007,0.28038245090923475,0.5463498290023852
26965,0.1069686382036411,0.2828634812203492,0.6101678805760096
26966,0.06640159767606306,0.1532907995469326,0.7803076027770043
26967,0.0369897861145322,0.07790624803158329,0.8851039658538846
26968,0.054578510676281486,0.2164663116954868,0.7289551776282318
26969,0.050062831213971766,0.15393690716823633,0.7960002616177919
26970,0.32415959734950517,0.13357026751130846,0.5422701351391863
26971,0.0702997808617955,0.2363360165454348,0.6933642025927697
26972,0.09637837850577963,0.25150318462891535,0.652118436865305
26973,0.02378541312613948,0.08394113885859869,0.8922734480152619
26974,0.09885644906857655,0.11075462659154656,0.7903889243398768
26975,0.13305959776967002,0.11719871542180635,0.7497416868085236
26976,0.12552936565650313,0.8736077457855769,0.0008628885579200043
26977,0.09811783146542513,0.24149253004914006,0.6603896384854347
26978,0.06312593986862333,0.12296937901129695,0.8139046811200796
26979,0.15215329740881176,0.32676947393757916,0.5210772286536091
26980,0.09783904352510074,0.17406066445684698,0.7281002920180524
26981,0.03895599306417096,0.21972517567812133,0.7413188312577077
26982,0.08431987472342982,0.1240966583292899,0.7915834669472803
26983,0.08426606496588095,0.2125865768381436,0.7031473581959755
26984,0.06344233221700765,0.06773689213032058,0.8688207756526718
26985,0.10075797949392841,0.26218490244290193,0.6370571180631697
26986,0.08342194811295203,0.040236792051833586,0.8763412598352145
26987,0.15740093348509834,0.4693869014924488,0.37321216502245286
26988,0.09291922067798279,0.4576223435021039,0.4494584358199133
26989,0.07267640768835505,0.22054459631484075,0.7067789959968043
26990,0.12395064763462799,0.11594090382143939,0.7601084485439327
26991,0.08158464299699494,0.142884387992674,0.7755309690103309
26992,0.06856049950265049,0.4101238880461236,0.5213156124512259
26993,0.07258212335492206,0.17547014642153125,0.7519477302235467
26994,0.117759458050926,0.1371797956155634,0.7450607463335106
26995,0.07872440754965573,0.23041035012631084,0.6908652423240335
26996,0.034108881316402447,0.1274649250183747,0.8384261936652229
26997,0.23971729010897605,0.34507395881777597,0.415208751073248
26998,0.14083299822346143,0.15598376755789278,0.7031832342186457
26999,0.2439273131137969,0.12548505226894893,0.6305876346172542
27000,0.09902219526680073,0.3844057553394409,0.5165720493937583
27001,0.09047370462127077,0.30313097828289726,0.606395317095832
27002,0.0770707632034695,0.26168892748681194,0.6612403093097186
27003,0.21642380964997032,0.158134676879006,0.6254415134710236
27004,0.07043213793084944,0.1881093620655829,0.7414585000035676
27005,0.02691158120713266,0.4953595110257961,0.4777289077670712
27006,0.09598839397363923,0.13831269940070381,0.765698906625657
27007,0.08919691292264342,0.5123943402537088,0.3984087468236479
27008,0.1623020161669034,0.28687976516637764,0.550818218666719
27009,0.08527748502594462,0.13905094178613292,0.7756715731879225
27010,0.03583589255519638,0.2425807448663622,0.7215833625784415
27011,0.14081235392751773,0.43702746605694803,0.4221601800155341
27012,0.08201533064925318,0.09876470162165575,0.8192199677290911
27013,0.15633952181268213,0.15763056277223392,0.686029915415084
27014,0.11079871313628209,0.3885589627994911,0.5006423240642269
27015,0.15834848396977902,0.3151689705754713,0.5264825454547497
27016,0.034762164296457086,0.08731815020625266,0.8779196854972903
27017,0.1093238796650604,0.2192481134210143,0.6714280069139253
27018,0.09200212467545213,0.16563390742881134,0.7423639678957366
27019,0.07774137343524737,0.21249830158979113,0.7097603249749614
27020,0.06229995497169684,0.39729285769758815,0.540407187330715
27021,0.046015443407648064,0.26701652953644295,0.6869680270559091
27022,0.048370842496585575,0.05894607201680674,0.8926830854866076
27023,0.15961309930741732,0.296559124227467,0.5438277764651157
27024,0.026544615810543622,0.22132808718740227,0.752127297002054
27025,0.12666083001273362,0.10993670666038084,0.7634024633268857
27026,0.06508874856326052,0.19527404172792404,0.7396372097088154
27027,0.1530441466431428,0.06192792110821872,0.7850279322486384
27028,0.13499340992497152,0.17404370266947083,0.6909628874055576
27029,0.04744187368593812,0.2611423012601849,0.691415825053877
27030,0.12093529945011389,0.4886748192180046,0.39038988133188157
27031,0.6368348191344546,0.13900971274616733,0.22415546811937798
27032,0.3022842840159729,0.10137800531537393,0.596337710668653
27033,0.10912979812347706,0.09388485933860127,0.7969853425379216
27034,0.06859725065440372,0.08227296292713614,0.8491297864184599
27035,0.47080510485171223,0.09860850682844038,0.4305863883198474
27036,0.07211233530196445,0.0813134876065746,0.846574177091461
27037,0.1931460304213694,0.14724504451869655,0.659608925059934
27038,0.12239496945832436,0.194919185868368,0.6826858446733076
27039,0.25690986874955957,0.20798019610574406,0.5351099351446964
27040,0.13643946724429232,0.15946915143829515,0.7040913813174126
27041,0.01451755347225938,0.08983871866806245,0.8956437278596783
27042,0.23715838054165259,0.7626435111001506,0.00019810835819666502
27043,0.09123947737667609,0.16885307529421892,0.739907447329105
27044,0.08676175715020379,0.15867362133899812,0.7545646215107982
27045,0.06671539270160592,0.18339788562647105,0.7498867216719229
27046,0.05056714886549586,0.07337430577738974,0.8760585453571144
27047,0.2123071956321717,0.40399349853421407,0.3836993058336143
27048,0.27349124582096734,0.7264383739765621,7.038020247040629e-05
27049,0.05964683858257984,0.4976062668060662,0.4427468946113539
27050,0.08636935483800137,0.21664698804501115,0.6969836571169874
27051,0.06662660404488238,0.23991704003357062,0.693456355921547
27052,0.03751610958328578,0.14117212715014185,0.8213117632665724
27053,0.06799117627223385,0.3566535667363059,0.5753552569914604
27054,0.11118224972458493,0.09080286866349888,0.7980148816119164
27055,0.19656923176637361,0.8033320518468201,9.871638680640138e-05
27056,0.1814877711189638,0.8184275146093043,8.47142717320312e-05
27057,0.07084760696312976,0.20063668843155033,0.7285157046053199
27058,0.09293699420812834,0.21298983079985095,0.6940731749920207
27059,0.10438572945737357,0.15145979106762053,0.7441544794750059
27060,0.04821590853211206,0.24190070338905584,0.709883388078832
27061,0.3878546825112905,0.13694799183700787,0.4751973256517015
27062,0.2051179512275702,0.1338269016591506,0.6610551471132792
27063,0.08361351573764718,0.17968249034557102,0.7367039939167819
27064,0.018779224831415614,0.03180293871475834,0.9494178364538259
27065,0.07141094765830819,0.4312605059604708,0.49732854638122104
27066,0.06834509395949048,0.03633914892592951,0.8953157571145801
27067,0.09346813074373791,0.18179807726786873,0.7247337919883934
27068,0.5751240064367293,0.05514202624161095,0.36973396732165975
27069,0.025056382115162444,0.12464237064363831,0.8503012472411993
27070,0.08118021792499011,0.09905297096786611,0.8197668111071438
27071,0.07482199400986715,0.07143911852210663,0.8537388874680263
27072,0.03190265616821332,0.26919402533945913,0.6989033184923276
27073,0.07494211236505352,0.1854639574250177,0.7395939302099287
27074,0.14187803234461002,0.2788285676539205,0.5792934000014694
