index,0,1,2
26457,0.06977922104807555,0.15932611427277676,0.7708946646791477
26458,0.1940332838723148,0.16280329875356958,0.6431634173741156
26459,0.05237055113479948,0.10229402666914585,0.8453354221960547
26460,0.09518835648240817,0.11701636071974314,0.7877952827978487
26461,0.1265027410108343,0.1797335154586448,0.693763743530521
26462,0.10998650002551302,0.18077246857762977,0.7092410313968573
26463,0.2046397928106116,0.6665441155210147,0.12881609166837374
26464,0.07762130007986158,0.1070857061304596,0.8152929937896789
26465,0.05412541958915484,0.19146590599174731,0.7544086744190979
26466,0.056065142100374964,0.31183816068719084,0.6320966972124342
26467,0.060258992434068764,0.2143609638226904,0.7253800437432408
26468,0.043223118141526545,0.09837380339069672,0.8584030784677766
26469,0.421676392828857,0.1418713693374398,0.43645223783370324
26470,0.11344732936165748,0.17842048546521666,0.7081321851731259
26471,0.10691120310330884,0.21233605385987006,0.6807527430368211
26472,0.11291785037257158,0.3111375818003143,0.5759445678271141
26473,0.05835239631149811,0.09470232090334466,0.8469452827851573
26474,0.24221280692259525,0.6391379147509298,0.11864927832647486
26475,0.18957609220227217,0.3142100688466763,0.49621383895105153
26476,0.0978598750035321,0.17632526056086337,0.7258148644356045
26477,0.14340151282049063,0.1606174178821954,0.695981069297314
26478,0.06894897598233124,0.0824682464156432,0.8485827776020257
26479,0.06216029416755558,0.14119477349214943,0.796644932340295
26480,0.06502790958751753,0.14478155581905877,0.7901905345934238
26481,0.07287548197408826,0.3021413024918798,0.6249832155340319
26482,0.15822081562552684,0.18843336899676766,0.6533458153777055
26483,0.05940990937677117,0.1419719947861849,0.7986180958370439
26484,0.15066250046594645,0.21385690926922862,0.635480590264825
26485,0.041038057181945836,0.07715961277738934,0.8818023300406648
26486,0.08735459466000457,0.23231028532685633,0.6803351200131391
26487,0.09926262816672377,0.1958922796589827,0.7048450921742934
26488,0.06889322624457754,0.8256106563743655,0.10549611738105698
26489,0.04757456964031533,0.3831271143236204,0.5692983160360642
26490,0.07440104747156973,0.41805949986350244,0.5075394526649278
26491,0.06661862185493554,0.09618176767349941,0.837199610471565
26492,0.0545878780176855,0.2537099739895562,0.6917021479927584
26493,0.33905248742798644,0.53631884511595,0.12462866745606359
26494,0.09162688544406247,0.24402824704193843,0.6643448675139991
26495,0.061609686687563524,0.0959518896190353,0.8424384236934012
26496,0.11331786200334551,0.2007655334242774,0.685916604572377
26497,0.07967135549451795,0.6044806558440313,0.3158479886614507
26498,0.14811144264653409,0.308145561300574,0.5437429960528919
26499,0.05492752057777316,0.19589802863431754,0.7491744507879092
26500,0.11361896393878734,0.395790936497412,0.49059009956380073
26501,0.1151621452188299,0.13695962732224978,0.7478782274589204
26502,0.044571070262790335,0.08591366468152994,0.8695152650556797
26503,0.13733796208729293,0.27600883666995935,0.5866532012427477
26504,0.0967185839045127,0.2619923418336594,0.641289074261828
26505,0.06877272673150056,0.1306551003358958,0.8005721729326037
26506,0.07695016172538394,0.8209864062250458,0.10206343204957015
26507,0.12870652917216657,0.7631691127913468,0.1081243580364866
26508,0.09520121637737672,0.40883763515595417,0.49596114846666917
26509,0.055262444584575146,0.09461875240455674,0.8501188030108682
26510,0.05800498582022583,0.22215373910849423,0.7198412750712799
26511,0.12406374326902686,0.11289500274565782,0.7630412539853154
26512,0.08508727847150396,0.22955162715466382,0.6853610943738323
26513,0.08621662252717815,0.24024220214963113,0.6735411753231908
26514,0.05820388788430181,0.10688624521521395,0.8349098669004842
26515,0.28880459927690555,0.08456677985800082,0.6266286208650935
26516,0.06715360991521013,0.37417240130002816,0.5586739887847617
26517,0.20656801204115077,0.6896399994034981,0.10379198855535113
26518,0.0692055338133034,0.13812499321934765,0.7926694729673489
26519,0.29514576156727523,0.1593203847384993,0.5455338536942256
26520,0.0560973652765064,0.6064609300142897,0.3374417047092039
26521,0.06836401170761697,0.16995368431773894,0.7616823039746441
26522,0.12320862494721144,0.22329876440025795,0.6534926106525307
26523,0.15357845451461488,0.195917770850354,0.6505037746350312
26524,0.06354395878296308,0.20018476625418496,0.7362712749628519
26525,0.2036415865308625,0.1680082062011221,0.6283502072680154
26526,0.05332431593855684,0.11651661496191852,0.8301590690995246
26527,0.1255366675965466,0.3362929295277577,0.5381704028756957
26528,0.15618833443762853,0.740468891787729,0.10334277377464245
26529,0.1571399663732151,0.12474067795068594,0.7181193556760991
26530,0.060640130084676155,0.24487274302152917,0.6944871268937948
26531,0.058852466504325886,0.12370101488457162,0.8174465186111024
26532,0.27862501337345036,0.1183108476436178,0.6030641389829319
26533,0.07960260861959863,0.09420120100132948,0.8261961903790719
26534,0.044992789420565296,0.08652459757088456,0.8684826130085501
26535,0.055054284884079915,0.12410411880240041,0.8208415963135196
26536,0.11264745082794937,0.1372563046814339,0.7500962444906167
26537,0.09868518300626755,0.08967177565756573,0.8116430413361668
26538,0.05791954024018731,0.26904705445546134,0.6730334053043514
26539,0.07960876801506371,0.1919043731321883,0.728486858852748
26540,0.18109529706266392,0.41491463223090064,0.40399007070643544
26541,0.05723006317564817,0.16954249020981368,0.7732274466145381
26542,0.08280723100987683,0.1405928271235022,0.776599941866621
26543,0.14161127686419472,0.13662974992709387,0.7217589732087114
26544,0.16356151272018765,0.14410686789083277,0.6923316193889796
26545,0.10772614575820155,0.2314023197575275,0.6608715344842709
26546,0.06139826690222266,0.23129236724612118,0.7073093658516563
26547,0.05556320199595095,0.08914331097856894,0.8552934870254802
26548,0.057351821858371725,0.07890052871747942,0.8637476494241488
26549,0.3530281150856235,0.5146892215249944,0.13228266338938208
26550,0.06580899301282443,0.24801239631100397,0.6861786106761716
26551,0.0511148200479521,0.21580198239026938,0.7330831975617785
26552,0.05465055882855466,0.1301682425797263,0.815181198591719
26553,0.0767895265679891,0.11720360342295347,0.8060068700090574
26554,0.10999313494284854,0.4922791406434169,0.39772772441373455
26555,0.125755724889898,0.15750950638036024,0.7167347687297417
26556,0.040221086971648945,0.17568493987478562,0.7840939731535654
26557,0.07762384997520907,0.0974563500414439,0.824919799983347
26558,0.41449645213864805,0.11339845116307998,0.47210509669827205
26559,0.20618402895379195,0.10820222109205434,0.6856137499541538
26560,0.11221404765012309,0.19606938854029538,0.6917165638095816
26561,0.08221033638379541,0.18681268664632444,0.7309769769698802
26562,0.06619262307571704,0.09935762678292881,0.8344497501413541
26563,0.057471661634296164,0.10280171113372369,0.8397266272319802
26564,0.07183238444702741,0.11894364482143102,0.8092239707315414
26565,0.10959859576029646,0.4082380627256203,0.4821633415140832
26566,0.14346610783026228,0.22046658309894757,0.6360673090707902
26567,0.047617513404509704,0.09629600443515512,0.8560864821603351
26568,0.2418588550062649,0.6446294813498498,0.11351166364388537
26569,0.08935545768912896,0.16823497849301755,0.7424095638178534
26570,0.15321895614223568,0.26719488579160855,0.5795861580661557
26571,0.040735706738873424,0.0763442458573024,0.8829200474038241
26572,0.12787367342432263,0.2933974534034467,0.5787288731722308
26573,0.1295842219630203,0.146303314057452,0.7241124639795278
26574,0.20493826083430933,0.1133762981842387,0.6816854409814521
26575,0.10125647615917119,0.11546855140886897,0.7832749724319599
26576,0.09252948407414409,0.09762360490134693,0.809846911024509
26577,0.06529742424347285,0.1209833134972108,0.8137192622593163
26578,0.0989879058091314,0.3806997235159983,0.5203123706748705
26579,0.2620037373211085,0.6005688492361747,0.13742741344271672
26580,0.07328030371195599,0.171148292334375,0.7555714039536692
26581,0.1776987278208784,0.27446927737215576,0.5478319948069659
26582,0.05065925867976245,0.07540979095555364,0.8739309503646839
26583,0.07721249482046344,0.10525849971473347,0.8175290054648032
26584,0.052184446521010855,0.17662737098217138,0.7711881824968179
26585,0.1089883295377049,0.48593511874015594,0.40507655172213913
26586,0.34170520372314966,0.2630020275137779,0.39529276876307246
26587,0.20775340908823206,0.2969696427883415,0.49527694812342643
26588,0.05262984585001061,0.18440611049166153,0.7629640436583277
26589,0.08319635649770396,0.15377196327310097,0.7630316802291951
26590,0.0869932463402914,0.3817277961130163,0.5312789575466923
26591,0.1502169513127637,0.7434040849878996,0.10637896369933675
26592,0.16094806661744443,0.11795296325891669,0.7210989701236389
26593,0.21169608293865289,0.3607393077362226,0.4275646093251244
26594,0.1193828978014747,0.25701793937663325,0.6235991628218921
26595,0.05490982960886272,0.1198691256528675,0.8252210447382698
26596,0.04869417016796375,0.1399366730203288,0.8113691568117075
26597,0.09947345671084323,0.3978814878568277,0.5026450554323291
26598,0.07401741959560054,0.15473577107965641,0.7712468093247431
26599,0.08711901670891606,0.11026088791356707,0.8026200953775169
26600,0.041813536188787755,0.09123167004437213,0.86695479376684
26601,0.06142724294672134,0.16903403219687496,0.7695387248564036
26602,0.10044052238899649,0.10959495877308492,0.7899645188379186
26603,0.0677513139878669,0.1683902777911894,0.7638584082209436
26604,0.10045482183255472,0.21577864402287822,0.6837665341445671
26605,0.05655545164950336,0.1531028592056786,0.790341689144818
26606,0.14513249451042676,0.1970268619370812,0.657840643552492
26607,0.13619705401915722,0.7624166726908295,0.10138627329001312
26608,0.048873702390416954,0.11246296586083916,0.838663331748744
26609,0.06407257530327282,0.09676447894432635,0.8391629457524008
26610,0.23699076063134952,0.6211544236899491,0.1418548156787015
26611,0.11695498172660986,0.23410119216143951,0.6489438261119506
26612,0.08750351133066131,0.3090482351398342,0.6034482535295045
26613,0.1629623879670626,0.16840991474721528,0.6686276972857221
26614,0.04185397911855358,0.17298450924339687,0.7851615116380495
26615,0.06151286452660607,0.2877479427522178,0.6507391927211761
26616,0.08494597768460065,0.07442799078285225,0.8406260315325471
26617,0.11864654591151408,0.12165919075870801,0.7596942633297779
26618,0.13672314274547137,0.16791186988664972,0.6953649873678789
26619,0.15565832697529763,0.15868429206096302,0.6856573809637394
26620,0.14489441158257593,0.7410868660733159,0.11401872234410823
26621,0.059356814653691914,0.09085764309601971,0.8497855422502882
26622,0.09714769063459502,0.3281242123635732,0.5747280970018318
26623,0.06933733902168822,0.35646598197839735,0.5741966789999144
26624,0.047868170193479026,0.13117131672068327,0.8209605130858377
26625,0.5774960698203712,0.137085649825961,0.28541828035366784
26626,0.15852564311994982,0.1545433712959,0.6869309855841502
26627,0.07493591838314795,0.15537254665037536,0.7696915349664767
26628,0.05060926662103397,0.20619791451157515,0.7431928188673909
26629,0.05509299365564527,0.09139712531393915,0.8535098810304155
26630,0.08083688307635525,0.1537128019159806,0.7654503150076641
26631,0.05749420048190938,0.1365867244210081,0.8059190750970825
26632,0.1772821691663508,0.1534048824137474,0.6693129484199017
26633,0.07854954946305287,0.12369351873905582,0.7977569317978914
26634,0.052429737580297626,0.10495501679824022,0.8426152456214622
26635,0.0821728638694608,0.19847025670565205,0.7193568794248872
26636,0.06894216642706419,0.31920765274741125,0.6118501808255246
26637,0.04195328742916306,0.09952098189608502,0.8585257306747519
26638,0.08033077561641433,0.581168723239269,0.3385005011443166
26639,0.14945255564837345,0.2762799567323022,0.5742674876193243
26640,0.04182409438988226,0.10077689058300279,0.8573990150271149
26641,0.1540669186993024,0.49811303196526346,0.34782004933543414
26642,0.07880401401344667,0.08471022500398569,0.8364857609825675
26643,0.06847116149812628,0.1478946071748735,0.7836342313270002
26644,0.11946210025063664,0.12220907814802917,0.7583288216013341
26645,0.06623224428324911,0.11353179754629798,0.820235958170453
26646,0.5467891621068827,0.14601037557591853,0.30720046231719866
26647,0.09544829330584367,0.18187642695795614,0.7226752797362002
26648,0.100948971902535,0.4692859135228573,0.42976511457460764
26649,0.05800765426451242,0.13249111652748022,0.8095012292080073
26650,0.37601423067598416,0.5058516537466505,0.11813411557736528
26651,0.39803530569919515,0.4612888602607884,0.14067583404001632
26652,0.27234489985351584,0.13485638280653583,0.5927987173399484
26653,0.21270604657842537,0.12153933450061172,0.6657546189209629
26654,0.18485275769013432,0.36534951716712183,0.44979772514274374
26655,0.06685416785903026,0.1789478510806258,0.754197981060344
26656,0.07859438401535934,0.18975827866196507,0.7316473373226756
26657,0.12539353384122806,0.13509090934300472,0.7395155568157672
26658,0.07682238229038679,0.2490314209583535,0.6741461967512596
26659,0.19153715627853074,0.22017921756283526,0.588283626158634
26660,0.1438372213438549,0.27582594996546095,0.5803368286906843
26661,0.08792773603786226,0.20253890734925323,0.7095333566128844
26662,0.0626251545925959,0.1299482287292343,0.8074266166781698
26663,0.10414161658203529,0.24605687829676642,0.6498015051211983
26664,0.09541062534146229,0.13320807066968174,0.771381303988856
26665,0.18867798079488138,0.23991042408618085,0.5714115951189377
26666,0.06204083510825188,0.3730134511555445,0.5649457137362035
26667,0.08482622038980048,0.12186223905476137,0.7933115405554383
26668,0.1060858739903657,0.41746800088953606,0.4764461251200982
26669,0.09408213205753554,0.3330019756451349,0.5729158922973294
26670,0.17170357907870276,0.19222124045056044,0.6360751804707369
26671,0.08073425289906372,0.10573370820520424,0.813532038895732
26672,0.04968138423339971,0.1254267969077082,0.8248918188588921
26673,0.10679785631584698,0.18275798077972277,0.7104441629044304
26674,0.3947090925829111,0.07308656651866458,0.5322043408984244
26675,0.17988225905540123,0.2637265432350701,0.5563911977095286
26676,0.12685269090030832,0.11975946917441385,0.7533878399252778
26677,0.05082544351354501,0.10081995092157892,0.8483546055648761
26678,0.09932329015240994,0.2593788060838759,0.6412979037637141
26679,0.17409629108678915,0.18068570784006166,0.6452180010731492
26680,0.10873293250208088,0.1421156602560029,0.7491514072419162
26681,0.056244561085393656,0.09607417506534047,0.8476812638492659
26682,0.07192717703984725,0.21126238830972388,0.7168104346504289
26683,0.05127517538427445,0.34459597850207113,0.6041288461136544
26684,0.04055993427535691,0.12169867774405696,0.8377413879805862
26685,0.19315220937705108,0.10614206281724545,0.7007057278057035
26686,0.03699990195888876,0.11034379506636383,0.8526563029747475
26687,0.21437906053335268,0.10755134039356086,0.6780695990730865
26688,0.10882845009855413,0.5302853924445065,0.3608861574569394
26689,0.09454549845612924,0.21320057708895543,0.6922539244549153
26690,0.04567240029928137,0.12962004673135957,0.824707552969359
26691,0.08752060483958025,0.14740101525380953,0.7650783799066101
26692,0.05596087779677911,0.31688484054554433,0.6271542816576765
26693,0.2290236724298916,0.16939821806511365,0.6015781095049948
26694,0.4336947125658091,0.4574296417634029,0.10887564567078796
26695,0.09765823050970564,0.12046158947887564,0.7818801800114187
26696,0.057124875108836404,0.10203376464621973,0.8408413602449438
26697,0.06075918748645633,0.08511960734973327,0.8541212051638105
26698,0.06810625904268025,0.08733895763259411,0.8445547833247256
26699,0.15698811933821605,0.32770063387576875,0.5153112467860151
26700,0.053898606560538916,0.23024165674563643,0.7158597366938246
26701,0.14157383233370646,0.3387825918923602,0.5196435757739334
26702,0.1170160336597996,0.310551908212819,0.5724320581273814
26703,0.09156635034364613,0.19582684700467756,0.7126068026516763
26704,0.08087688932274271,0.16838786229095726,0.7507352483863001
26705,0.0795417766818027,0.12660127093388518,0.7938569523843122
26706,0.12377030977045728,0.22869770849360146,0.6475319817359414
26707,0.2839957958007433,0.13392187033985872,0.5820823338593979
26708,0.10542777144856666,0.17471148344666632,0.719860745104767
26709,0.05390051413779438,0.09673104818816575,0.84936843767404
26710,0.1868823031247886,0.19943791707629036,0.6136797797989211
26711,0.10445919147571826,0.11282285251672577,0.7827179560075559
26712,0.0688729008452951,0.15777644967367277,0.7733506494810322
26713,0.08871755039127005,0.19954887954557643,0.7117335700631535
26714,0.10178872907743909,0.20417468218913998,0.6940365887334209
26715,0.06582947075563944,0.33019966029398207,0.6039708689503784
26716,0.11514694364877806,0.5972797822155159,0.287573274135706
26717,0.0705602051444297,0.17949136680194921,0.749948428053621
26718,0.06158945782808201,0.2256347902186088,0.7127757519533091
26719,0.09554583029648579,0.2033778688982825,0.7010763008052316
26720,0.09851740974232487,0.22444690189345975,0.6770356883642153
26721,0.04899369456485834,0.23157926342911528,0.7194270420060264
26722,0.1077266666918652,0.1016982681425646,0.7905750651655703
26723,0.08810133732641595,0.13208296604875142,0.7798156966248326
26724,0.18949360184922467,0.28506204960926074,0.5254443485415146
26725,0.05202733363384361,0.22099783679032758,0.7269748295758288
26726,0.16581287938104494,0.39722375846623753,0.4369633621527176
26727,0.07424689476589973,0.08042804771957286,0.8453250575145275
26728,0.09779749800398457,0.30580574300477914,0.5963967589912363
26729,0.09107829520971805,0.21983312271425393,0.689088582076028
26730,0.12238891843688757,0.4326987602063474,0.44491232135676506
26731,0.08193943858459574,0.16545204764751123,0.7526085137678931
26732,0.1723283625449228,0.7119937221608846,0.11567791529419258
26733,0.11331944133626168,0.1152427551083104,0.7714378035554279
26734,0.061170090571360504,0.14944023239053883,0.7893896770381006
26735,0.09748878124036242,0.14225330564881802,0.7602579131108196
26736,0.09325848596851431,0.20312576381491027,0.7036157502165754
26737,0.13374581200977792,0.1935319725734741,0.6727222154167479
26738,0.04143686453480456,0.12392154118712781,0.8346415942780676
26739,0.44391793472940866,0.11526483273944413,0.4408172325311473
26740,0.08545415490489888,0.10308706476416206,0.8114587803309391
26741,0.1571120015336136,0.7298787439825756,0.11300925448381083
26742,0.07383052346237173,0.20865247069696455,0.7175170058406639
26743,0.11597465112772597,0.1183615983089801,0.7656637505632939
26744,0.16372931168850777,0.1781311421041818,0.6581395462073104
26745,0.04660394002946101,0.17123267875386272,0.7821633812166763
26746,0.21117941172667157,0.20158657370686472,0.5872340145664637
26747,0.15106950216798642,0.3545689286579339,0.4943615691740798
26748,0.30120297336063945,0.3208104234594362,0.3779866031799243
26749,0.05022914208185565,0.2098009598687505,0.739969898049394
26750,0.05972809793212917,0.0927290459934143,0.8475428560744565
26751,0.06582576904547831,0.17906542940936312,0.7551088015451586
26752,0.08807976957580696,0.41011933586029975,0.5018008945638932
26753,0.13006366347686937,0.18644289404525766,0.683493442477873
26754,0.09027559587179859,0.07313301502039088,0.8365913891078106
26755,0.05397941432306806,0.09770428818072241,0.8483162974962095
26756,0.12734681020362232,0.16979265457151413,0.7028605352248635
26757,0.08540038707125801,0.14784388124280307,0.7667557316859389
26758,0.10170631863274573,0.27914075667599375,0.6191529246912606
26759,0.06839652396160313,0.3143488239790832,0.6172546520593136
26760,0.1254526241854924,0.38640270989944336,0.4881446659150641
26761,0.054110867745752356,0.1543150848445371,0.7915740474097105
26762,0.04946813728995228,0.08464999195149855,0.8658818707585492
26763,0.058302270150480257,0.29042767691982413,0.6512700529296956
26764,0.08162392682485423,0.2765771320173514,0.6417989411577945
26765,0.07766600577060873,0.09843950880128086,0.8238944854281105
26766,0.11035897299792918,0.31583251431597853,0.5738085126860923
26767,0.10692170140273555,0.15499580930962154,0.738082489287643
26768,0.06004524931361079,0.8471181867253377,0.09283656396105153
26769,0.1065876911574454,0.23377152581434654,0.659640783028208
26770,0.16508064249541826,0.3577308492769825,0.47718850822759923
26771,0.15025336319756355,0.7469449984950257,0.1028016383074108
26772,0.4415930128859832,0.11357048203321236,0.4448365050808044
26773,0.0917883968995529,0.13874055134029112,0.769471051760156
26774,0.05969451828646311,0.23342018147694427,0.7068853002365927
26775,0.055876353564847416,0.25913959160331324,0.6849840548318392
26776,0.05313759032822164,0.07692804339909357,0.8699343662726846
26777,0.07211526688701168,0.08692564816430923,0.8409590849486791
26778,0.06668398035795489,0.12438397274602259,0.8089320468960224
26779,0.06953373750583802,0.10434263816070807,0.826123624333454
26780,0.0850037600057068,0.15901944960837813,0.755976790385915
26781,0.06182282825044509,0.16909581728053583,0.769081354469019
26782,0.07314800168138193,0.08915908785984286,0.8376929104587753
26783,0.3137714404760407,0.16254673625185204,0.5236818232721073
26784,0.08996840839263627,0.375967767212816,0.5340638243945479
26785,0.105813748632862,0.16727128455083373,0.7269149668163044
26786,0.30916959129269045,0.1353818662218518,0.5554485424854578
26787,0.04571259607732206,0.10578161891174165,0.8485057850109363
26788,0.19345848695189588,0.2242519636934937,0.5822895493546105
26789,0.19380227542964648,0.2662061247680546,0.5399915998022989
26790,0.08253907854014356,0.2891134490771241,0.6283474723827324
26791,0.06443140800793141,0.09681336888171116,0.8387552231103574
26792,0.08943645096540644,0.09902801812685863,0.811535530907735
26793,0.06804823610224513,0.1374653676988921,0.7944863961988629
26794,0.055241162919758335,0.13252864745848103,0.8122301896217607
26795,0.08783867976757162,0.30387755211841616,0.6082837681140122
26796,0.18553616936370218,0.6927162400408271,0.12174759059547072
26797,0.11315738369139153,0.2100243465272158,0.6768182697813928
26798,0.16826047959995602,0.20288426835479034,0.6288552520452536
26799,0.068943584925452,0.16284071143574513,0.7682157036388029
26800,0.08331968629183148,0.8155789736379416,0.10110134007022685
26801,0.08185040189265055,0.46564334941317176,0.4525062486941777
26802,0.08712825714519665,0.0960605743441191,0.8168111685106842
26803,0.0435587561078777,0.1568900631144598,0.7995511807776624
26804,0.07473436315566456,0.20398262292472683,0.7212830139196087
26805,0.08386260316044955,0.15845392668812278,0.7576834701514277
26806,0.060823306391877795,0.14104692904796745,0.7981297645601548
26807,0.06785807557392677,0.10942020326282183,0.8227217211632514
26808,0.08934946693196308,0.25271788829555675,0.6579326447724801
26809,0.12247082804529451,0.15657801638296265,0.7209511555717428
26810,0.06741020371011773,0.18737178244153244,0.7452180138483498
26811,0.05778850170353078,0.10609958934288238,0.8361119089535867
26812,0.07761218552086828,0.19405721838154627,0.7283305960975854
26813,0.15581452651367778,0.23251858792279065,0.6116668855635317
26814,0.08329894290605562,0.11631729997286591,0.8003837571210786
26815,0.10858079541245406,0.2603758002057012,0.6310434043818447
26816,0.07742755557104981,0.3372135706190337,0.5853588738099166
26817,0.15306888432597443,0.07512352459575743,0.7718075910782682
26818,0.19254964950998704,0.1393951497926889,0.6680552006973242
26819,0.07511301656346434,0.24804814275061635,0.6768388406859193
26820,0.2014486758638025,0.6716177091498119,0.12693361498638558
26821,0.14767209099764056,0.7250301721341434,0.12729773686821602
26822,0.08419961002061258,0.19890592570529675,0.7168944642740906
26823,0.07334254870498723,0.19424420929183872,0.7324132420031741
26824,0.08344673778397343,0.20414639867459722,0.7124068635414293
26825,0.06904848999631605,0.2068609194090569,0.7240905905946271
26826,0.11699787988695234,0.07526933366224207,0.8077327864508056
26827,0.054507498041812506,0.12547433706228972,0.8200181648958977
26828,0.0814494050944801,0.1530915951537059,0.765458999751814
26829,0.06939809484629075,0.08972470296700799,0.8408772021867011
26830,0.08587994830542399,0.17449127882291296,0.7396287728716631
26831,0.05632343775395109,0.0974634804817007,0.8462130817643481
26832,0.039584626092635355,0.05720836705127773,0.9032070068560869
26833,0.07427915776019074,0.15122498369929682,0.7744958585405123
26834,0.047260821036353026,0.23592265362101367,0.7168165253426333
26835,0.5838649194836448,0.13484925334351675,0.2812858271728384
26836,0.1801383812756848,0.4157173820570516,0.40414423666726357
26837,0.07313497702511837,0.10641061993967448,0.8204544030352071
26838,0.1135204137718438,0.43646295317632133,0.4500166330518349
26839,0.47543628446961705,0.11710495602571189,0.40745875950467103
26840,0.28762937878602995,0.24228946407155166,0.4700811571424184
26841,0.036337396027197086,0.08126071008601773,0.8824018938867851
26842,0.06249618590358613,0.16127926327365683,0.7762245508227571
26843,0.045681472232626044,0.12538614818190558,0.8289323795854684
26844,0.08323715256980718,0.45054644826559315,0.46621639916459967
26845,0.3075077699881539,0.10151995141931108,0.5909722785925351
26846,0.058393129718743594,0.11472780210808492,0.8268790681731715
26847,0.0707857585576661,0.23037975612438127,0.6988344853179527
26848,0.08765191033547064,0.0873084488202496,0.8250396408442797
26849,0.21554455947260812,0.1531407076847575,0.6313147328426344
26850,0.1324189417973438,0.21835033150136635,0.6492307267012898
26851,0.06123470949565817,0.2499707710103805,0.6887945194939613
26852,0.1591467048958144,0.5609691179287397,0.27988417717544584
26853,0.05613063263091479,0.13632117687898723,0.807548190490098
26854,0.08736181595999606,0.8040892614642119,0.10854892257579203
26855,0.1387095367578089,0.318862701421217,0.5424277618209741
26856,0.11808051758089226,0.12361808668511265,0.758301395733995
26857,0.09927228060795132,0.2383185469893238,0.662409172402725
26858,0.06517982764129483,0.6383663389175168,0.2964538334411884
26859,0.07559227565375914,0.5040530700480386,0.4203546542982023
26860,0.09875599161222204,0.4920128718093806,0.4092311365783973
26861,0.05325374500983802,0.17483083659436222,0.7719154183957997
26862,0.11929292176985333,0.20566328764026937,0.6750437905898774
26863,0.043468701895725534,0.14046260448800924,0.8160686936162653
26864,0.0804931002149098,0.30422572236953066,0.6152811774155595
26865,0.04821455914230752,0.07236750713680509,0.8794179337208874
26866,0.04703038204607608,0.12954659092551915,0.8234230270284046
26867,0.06999929747847486,0.11896253715013078,0.8110381653713944
26868,0.08096354385696694,0.12823298047183,0.7908034756712031
26869,0.04849495199603952,0.11047579658291015,0.8410292514210504
26870,0.05709748797554498,0.5354985486220969,0.4074039634023582
26871,0.1580435356738475,0.13557309871514012,0.7063833656110123
26872,0.11063453823836933,0.17510656069737449,0.7142589010642562
26873,0.08416421123311309,0.2146027261394268,0.7012330626274601
26874,0.1094364113091813,0.26659175963664766,0.6239718290541711
26875,0.08367618548385627,0.21657067619165948,0.6997531383244843
26876,0.04323494730223926,0.13065294974454988,0.8261121029532109
26877,0.07063865770616932,0.1264091225610626,0.8029522197327681
26878,0.13480547614720345,0.16936634689081817,0.6958281769619784
26879,0.059860946986882185,0.1730846082336005,0.7670544447795173
26880,0.23997439846507043,0.10583743629212108,0.6541881652428084
26881,0.050891371737789376,0.2267906885679511,0.7223179396942595
26882,0.2916863960578504,0.09811628873364582,0.6101973152085038
26883,0.049084140420497635,0.14084125585920607,0.8100746037202964
26884,0.06878941082363753,0.4661570828430496,0.46505350633331294
26885,0.16673065707059664,0.15737371437841316,0.6758956285509902
26886,0.06348731436862864,0.07430182178827299,0.8622108638430984
26887,0.08560571002882632,0.10714961167089095,0.8072446783002826
26888,0.16156383061789048,0.1765213882192317,0.6619147811628778
26889,0.12096608643887946,0.21192967344924207,0.6671042401118784
26890,0.13532646232132392,0.30901174189065483,0.5556617957880213
26891,0.10896395754914787,0.3952342076478845,0.4958018348029676
26892,0.15362583588741138,0.23388331974805174,0.6124908443645369
26893,0.06494852872562615,0.14003347671621696,0.7950179945581568
26894,0.09795291464233803,0.20841590871584348,0.6936311766418185
26895,0.07637392803936949,0.28204753179099407,0.6415785401696363
26896,0.0840886601139681,0.15808892399238708,0.7578224158936449
26897,0.0515407248543665,0.2541623666948537,0.6942969084507797
26898,0.1323176006451498,0.1291693504847482,0.738513048870102
26899,0.0505058469818923,0.3075735189328387,0.641920634085269
26900,0.0588829911616672,0.2753105210903233,0.6658064877480097
26901,0.04723162167421559,0.24699091164024417,0.7057774666855403
26902,0.03862585427641874,0.07650683745900581,0.8848673082645755
26903,0.10921024528054901,0.2282513292803617,0.6625384254390891
26904,0.12515026256347273,0.7353444072472408,0.13950533018928657
26905,0.05911285236911,0.1458124501948686,0.7950746974360213
26906,0.09540478448321799,0.1064088968270883,0.7981863186896937
26907,0.052786977522499334,0.08889735240455376,0.858315670072947
26908,0.07076001543950385,0.2791719898863549,0.6500679946741412
26909,0.07273096674838403,0.37610940211829,0.551159631133326
26910,0.10822584206692179,0.23238459973497133,0.6593895581981069
26911,0.14554869119130143,0.17411016083086708,0.6803411479778314
26912,0.06273436326962421,0.12126459678439014,0.8160010399459856
26913,0.34508582181144337,0.1100564366348068,0.5448577415537499
26914,0.05679855088653743,0.19776722827986018,0.7454342208336024
26915,0.11126994281404429,0.12622296369357305,0.7625070934923828
26916,0.19188746324202555,0.7063614444359753,0.10175109232199914
26917,0.049903890127034715,0.14766114670141456,0.8024349631715508
26918,0.09736818899961971,0.18167687263163107,0.7209549383687492
26919,0.3776696090035641,0.18911955085506044,0.43321084014137545
26920,0.07290733986746173,0.22191269420139226,0.7051799659311462
26921,0.06559710506436234,0.5108754825232951,0.4235274124123426
26922,0.11147246480550678,0.49778056103091384,0.3907469741635794
26923,0.04441418104273722,0.10955384597219914,0.8460319729850636
26924,0.04818417972506872,0.08543293854469418,0.866382881730237
26925,0.04204458428850821,0.10823303760336395,0.8497223781081279
26926,0.17474849656545183,0.2561497691233703,0.5691017343111779
26927,0.08914962374792519,0.39212251927460334,0.5187278569774714
26928,0.0914082757778255,0.8101342007319372,0.09845752349023733
26929,0.06765223568427922,0.30385246323722237,0.6284953010784985
26930,0.06490756516185846,0.42259172959291486,0.5125007052452266
26931,0.19238618343053993,0.7036537488636299,0.10396006770583024
26932,0.10843082547435662,0.32356823417929936,0.5680009403463441
26933,0.4543406956013275,0.13267805299224908,0.4129812514064234
26934,0.059814413827057884,0.10849598157873207,0.8316896045942099
26935,0.04532868265212412,0.10757044348518457,0.8471008738626914
26936,0.09046313413754026,0.0920053311452226,0.8175315347172372
26937,0.08865553425181608,0.2120177560373824,0.6993267097108016
26938,0.3884855459976997,0.4760130180143697,0.13550143598793069
26939,0.10413174568424577,0.7792330515805458,0.11663520273520842
26940,0.18499843546722886,0.1890202779565222,0.6259812865762489
26941,0.07501904098362042,0.16724158657570265,0.7577393724406769
26942,0.1023607809964856,0.2634593819020339,0.6341798371014806
26943,0.06693405059050321,0.3776284911408947,0.5554374582686021
26944,0.058004903842374445,0.09482127638968113,0.8471738197679446
26945,0.11275556455655053,0.4334014975333782,0.4538429379100712
26946,0.04300202490747914,0.08971761221844073,0.8672803628740802
26947,0.04114343226490338,0.2195446869030083,0.7393118808320884
26948,0.09060043509630465,0.2207424503051075,0.6886571145985878
26949,0.2917537547040765,0.14200562219126897,0.5662406231046545
26950,0.1452947746434151,0.09791089090294541,0.7567943344536396
26951,0.27591164097994897,0.22571067319676263,0.49837768582328834
26952,0.1284185082044053,0.20904210033270731,0.6625393914628874
26953,0.047133141319098126,0.05991602731865526,0.8929508313622466
26954,0.04537680667767275,0.13513896498616537,0.8194842283361619
26955,0.05549473203454502,0.3384129452492768,0.6060923227161781
26956,0.12398548251448287,0.16614440867571867,0.7098701088097985
26957,0.5161755861652186,0.1406499935765945,0.343174420258187
26958,0.25794628010811393,0.17498948209301884,0.5670642377988672
26959,0.09442664106637437,0.3258383962999482,0.5797349626336774
26960,0.08150115187349657,0.19189954173400275,0.7265993063925007
26961,0.06662473900337017,0.13335954935087402,0.8000157116457558
26962,0.057175615587824316,0.3713594187197208,0.571464965692455
26963,0.2290236724298916,0.16939821806511365,0.6015781095049948
26964,0.11340252670932321,0.2386489183401029,0.6479485549505738
26965,0.07000949600368912,0.3465678954726607,0.5834226085236502
26966,0.0840886601139681,0.15808892399238708,0.7578224158936449
26967,0.06140232063131116,0.06655222819359397,0.8720454511750949
26968,0.060214457307116234,0.22784621361140128,0.7119393290814826
26969,0.04070028935171932,0.15484050775628794,0.8044592028919928
26970,0.2410811557416765,0.16571546568165857,0.593203378576665
26971,0.06639222388894575,0.2611187745571533,0.6724890015539009
26972,0.10496913762851687,0.29491874410071883,0.6001121182707643
26973,0.033464858503846256,0.12057208515445023,0.8459630563417035
26974,0.08728962208510216,0.1463400162978829,0.766370361617015
26975,0.12047471340096277,0.1185558432734708,0.7609694433255664
26976,0.17196907009293738,0.7126212252288379,0.11540970467822476
26977,0.08349844684606411,0.18305823111482789,0.7334433220391079
26978,0.06621560399442145,0.18731936320818787,0.7464650327973907
26979,0.18597525507695434,0.25171618286449315,0.5623085620585524
26980,0.12729631624331553,0.16351304218760357,0.709190641569081
26981,0.04923516275293677,0.31256121222434824,0.638203625022715
26982,0.1138646914882875,0.1929552552176777,0.6931800532940349
26983,0.0774747109979479,0.22117100345104848,0.7013542855510035
26984,0.11753274876971727,0.09046994363497504,0.7919973075953077
26985,0.0955836969088569,0.27158390043469754,0.6328324026564456
26986,0.08828742007464072,0.06363592779537997,0.8480766521299794
26987,0.08585897249369315,0.5314993579403074,0.38264166956599943
26988,0.11271520229823112,0.3432702503682598,0.5440145473335092
26989,0.061898535414111125,0.1480122183099378,0.790089246275951
26990,0.09756425662954922,0.09092236076861059,0.8115133826018402
26991,0.04313124608094141,0.13313155149741387,0.8237372024216447
26992,0.08748768474268598,0.3209735136800737,0.5915388015772404
26993,0.04560827527239888,0.14024709970725635,0.8141446250203448
26994,0.1597786670800321,0.168818470371216,0.6714028625487519
26995,0.0771253060078949,0.2402017224683936,0.6826729715237114
26996,0.06611450960442457,0.12067723915490866,0.8132082512406669
26997,0.21459180987894158,0.36747277069589224,0.4179354194251662
26998,0.15749943793083612,0.13179494105396414,0.7107056210151996
26999,0.2256186459406681,0.09701338511104565,0.6773679689482863
27000,0.08012232780524615,0.4827788728072434,0.4370987993875104
27001,0.08176726187653637,0.3202764380529547,0.597956300070509
27002,0.11112031280731284,0.2621971220210745,0.6266825651716126
27003,0.19094051567655346,0.18648749041553173,0.6225719939079148
27004,0.04966209019518576,0.14090344777666913,0.8094344620281451
27005,0.09438066782330694,0.4075983476350663,0.4980209845416268
27006,0.08659481646292617,0.10855421338888002,0.8048509701481938
27007,0.11490924270712213,0.2648039958494194,0.6202867614434586
27008,0.11392049590537716,0.21874670548060848,0.6673327986140144
27009,0.08289397163185558,0.17272842391393883,0.7443776044542055
27010,0.07006574811450993,0.13648223089374578,0.7934520209917443
27011,0.12567836255989423,0.35646035561557693,0.517861281824529
27012,0.0760950870309939,0.08774354023408375,0.8361613727349224
27013,0.1412355052891302,0.1803759758750138,0.678388518835856
27014,0.09190809817227275,0.4032400837869451,0.504851818040782
27015,0.13132008758721028,0.23616868317805711,0.6325112292347326
27016,0.06976783055492723,0.11674408080029477,0.813488088644778
27017,0.07943510473174471,0.1516410093966623,0.768923885871593
27018,0.13938586181327614,0.13346895483135535,0.7271451833553686
27019,0.07927311112910496,0.1968146465327439,0.7239122423381511
27020,0.0633586989361414,0.3631942697447354,0.5734470313191231
27021,0.062066087676371014,0.27877042698215365,0.6591634853414752
27022,0.053613643649787775,0.09940505326749857,0.8469813030827137
27023,0.1472443877736006,0.31793017593220435,0.5348254362941951
27024,0.06276802655207589,0.22085866502691684,0.7163733084210073
27025,0.1704629720389401,0.1462455615204969,0.683291466440563
27026,0.061139177146232446,0.18754715879340986,0.7513136640603577
27027,0.0865843718595976,0.08821788613518947,0.8251977420052128
27028,0.16881917142433564,0.1549135100925749,0.6762673184830895
27029,0.05757552861746061,0.2113157343565059,0.7311087370260334
27030,0.09581370617981987,0.4619683374205379,0.44221795639964223
27031,0.3484928044423403,0.22758575773688397,0.4239214378207756
27032,0.21205728870847074,0.11782130107786055,0.6701214102136688
27033,0.07010906324550355,0.0992632674182984,0.830627669336198
27034,0.13604077709369727,0.1261194672785461,0.7378397556277566
27035,0.5534948841061708,0.1457319584939536,0.30077315739987565
27036,0.05471963816829875,0.07684247268607602,0.8684378891456253
27037,0.18904349581235302,0.13063640462653026,0.6803200995611167
27038,0.09463084847693104,0.13957681859575996,0.7657923329273091
27039,0.21195677161538257,0.22572385736139633,0.5623193710232212
27040,0.13337837460239485,0.18846119173963582,0.6781604336579693
27041,0.03585463966753376,0.10332693946692588,0.8608184208655404
27042,0.21934701188120348,0.6713248106998897,0.10932817741890684
27043,0.07350896188252065,0.12221706615940608,0.8042739719580732
27044,0.05787407627747901,0.11133773707500941,0.8307881866475115
27045,0.06570410120639278,0.17182744678264755,0.7624684520109597
27046,0.05655946068465416,0.09544458507811683,0.8479959542372291
27047,0.11281599428677738,0.288500684179352,0.5986833215338707
27048,0.3129213992724602,0.5694239133357885,0.11765468739175136
27049,0.06432698522895605,0.5099745624659976,0.4256984523050464
27050,0.06602775358625153,0.20966420215810536,0.7243080442556431
27051,0.09113114784579619,0.3266588668368041,0.5822099853173998
27052,0.08682666393813222,0.12958399128891995,0.783589344772948
27053,0.07650879628207766,0.25006419015252324,0.6734270135653991
27054,0.16301112963131018,0.14059644633055013,0.6963924240381396
27055,0.18999775709316857,0.7021846157042725,0.10781762720255897
27056,0.1217234174557136,0.7786887726275449,0.09958780991674154
27057,0.05561986760147633,0.19401836142476309,0.7503617709737606
27058,0.17519046159280183,0.2857361859171471,0.5390733524900511
27059,0.16884652017790852,0.18974185745413746,0.641411622367954
27060,0.08001977661578966,0.29483671899681463,0.6251435043873957
27061,0.4079935958799806,0.14866321385370243,0.4433431902663171
27062,0.21188982299456444,0.08837125360709373,0.6997389233983418
27063,0.048539736833352456,0.1286110260537535,0.822849237112894
27064,0.0411150944166725,0.07933260055925168,0.8795523050240757
27065,0.10767919527783082,0.3332655602372495,0.5590552444849196
27066,0.09698951529119923,0.1013476293628052,0.8016628553459956
27067,0.09167113464483319,0.1422682789212945,0.7660605864338723
27068,0.35194054668309793,0.10729644497653809,0.540763008340364
27069,0.047533576390110965,0.09350927281881125,0.8589571507910778
27070,0.07898754805058836,0.12681996225571612,0.7941924896936956
27071,0.07664302060639586,0.08972357382323462,0.8336334055703695
27072,0.05794590758832491,0.299966267875724,0.6420878245359511
27073,0.055228292073905165,0.20194314631709076,0.742828561609004
27074,0.08887565114746285,0.3425232727650199,0.5686010760875172
27075,0.13254971285928457,0.18408644526463205,0.6833638418760835
27076,0.16068763166167532,0.0990245323941129,0.7402878359442118
